.Random.seed <-
c(403L, 214L, -921191862L, -372998484L, 563067311L, -15494811L, 
985677596L, 1278354290L, 1696669677L, -1382461401L, -1769813938L, 
1483664552L, 855442091L, 518162377L, -997688360L, 1816939142L, 
-1181553823L, 706801395L, -61460126L, 1464741844L, 409926359L, 
14057677L, -1810761628L, -739060150L, 1182819253L, -263061745L, 
273316886L, -2104179008L, -1967972221L, 1353784481L, -280743280L, 
710455662L, -1068552423L, 2139808683L, -1483943526L, -1831475876L, 
1795169375L, 62759989L, 681107404L, 1287592738L, 1114482045L, 
220636791L, -75677794L, 143171160L, 1386657723L, 1232984409L, 
-347647256L, -1116517610L, 456547473L, -945786557L, 1955257426L, 
830119652L, -1507604185L, 956311933L, -1357356940L, -1793785254L, 
457281189L, -968688449L, -157302970L, -1939292720L, 43925491L, 
1763059473L, -432609472L, 1268551454L, -554065943L, -2073840357L, 
2107887402L, 1317781580L, 1408256015L, -1091189947L, -14949124L, 
1811870546L, 1846977741L, -739179385L, -85754002L, 1461506376L, 
-76229301L, -118245207L, -354907656L, -1474537178L, -650753471L, 
558539731L, -260673150L, -708880972L, 1095041335L, -1229986771L, 
1261515076L, -1621358998L, -1501703979L, 860864111L, 1090583414L, 
-1608741728L, -967088797L, -1817647615L, -1258461840L, -1115409138L, 
1093678969L, 1584236299L, -565123014L, 527071036L, 654685311L, 
1293625301L, -1762244116L, 630123330L, 1864905885L, -577360617L, 
-324721538L, -1118741448L, 442972955L, 1130328185L, 1004288200L, 
1672286454L, 1123184945L, -86714013L, -580048078L, 231253124L, 
2105139399L, -922748003L, -478462188L, -2066418246L, 1303925765L, 
-927184417L, 1984646246L, -1341338640L, -1037298413L, 1764010673L, 
453444960L, -1370195202L, 1754977929L, 776298939L, -169362550L, 
1308410476L, 1819511791L, -1224584155L, 53865692L, 1784775346L, 
-2077067859L, 1738434919L, 1049216654L, -2026066072L, 356841323L, 
-1289391863L, 2001192856L, -823730490L, -1708061663L, 1139943603L, 
1989661218L, 1549894676L, 1249695895L, -505333107L, 679099300L, 
-1264851574L, 1166844405L, -1415881649L, -1619240106L, 2004218368L, 
1335036739L, 2028669665L, 714831952L, 1490000046L, 119618649L, 
781708395L, 111239642L, -1117214052L, -940407649L, 1386829557L, 
-271152244L, -950687134L, -1636864451L, 488804535L, -73265314L, 
-967830888L, -1216060933L, 424950681L, 458564648L, 52344022L, 
606912849L, -1537548285L, -1858771054L, 750806308L, 525003751L, 
1211666493L, -337002828L, -276064998L, -1159178651L, -1603060993L, 
-2007826554L, 632754448L, 589480371L, -462472623L, 544393728L, 
-1643510050L, 1984089385L, -1069666085L, 1478182890L, -1120884852L, 
1747884239L, -1034856315L, -985797828L, 1172091410L, 1623730445L, 
1605947975L, -2084886482L, 1222802824L, 1063134347L, -282993047L, 
1569956408L, -287796506L, 20590209L, 1661374995L, 936777154L, 
1495309940L, 420704375L, -1810026131L, 1976714756L, -1831381718L, 
1661448853L, 539597103L, 1440685110L, -2139539360L, -1387884893L, 
1261685185L, -732981840L, 838507726L, -612689351L, 2144820299L, 
-1189741062L, 163019004L, 1652260159L, 1486728064L, -98899180L, 
-1273547480L, -1577402310L, -929139760L, 1471838828L, -302363596L, 
-1046220654L, 173709664L, 2109824332L, -1603553824L, 1164024738L, 
1364917160L, 598551692L, 1865245628L, 1907528818L, 442181616L, 
1879815236L, -699029416L, 1502367802L, 1985325168L, -1757999556L, 
-378894572L, -162043198L, -135490848L, -402144132L, 35859664L, 
1172276130L, 1357381160L, 1129566476L, 186955708L, 1434108210L, 
1210194112L, -472550860L, -1365693752L, 153031354L, -810541936L, 
1440921324L, -1530874284L, 1237907090L, 1067640608L, 916821964L, 
-695260960L, 2080153282L, 2072761384L, -1014154324L, -1945281860L, 
-1324998158L, -1468336592L, 1943508900L, 1214501304L, 620407642L, 
172876944L, -1819255940L, -717459692L, -910054078L, 1188597504L, 
-761005124L, -632262832L, 1328722210L, 35752520L, 1698469900L, 
159468636L, -334155310L, -1799031296L, 1942204756L, -1155518232L, 
-905023238L, 259913424L, 1160554796L, -1332295436L, -1958339182L, 
1276242272L, 1359472652L, 478489312L, -556682654L, 1028246184L, 
-1641444788L, 947804028L, 600350002L, 1998587504L, -1131472060L, 
-420685864L, -1993330822L, -912671184L, -580503620L, 1367516756L, 
76847170L, -1718447968L, -516493636L, 659827152L, -1861500062L, 
1729635048L, -253685556L, -627797508L, 1764194802L, 329353856L, 
1363695092L, -1846606200L, 1499164474L, 1273197392L, 865907820L, 
-1936127596L, -583609262L, 1400408544L, -1254679348L, -1353847648L, 
2104366466L, -681320216L, 513711852L, -1251943108L, -1150903182L, 
1781641328L, 116639780L, -875869128L, -1888921830L, 1551994064L, 
-104556740L, -921348204L, -744072318L, -1234202176L, -409952708L, 
1971107216L, 1284695586L, -2088862456L, -699206004L, -1891621092L, 
1388114066L, 1032739200L, 587558420L, -1924002008L, -1279385030L, 
-919308848L, 1965570412L, 1430877108L, 1009358866L, -1668989472L, 
-1027174452L, -1848364832L, -1688328158L, -1455955672L, -1085964788L, 
1824898876L, 1060129778L, -2039764240L, 1398531652L, -1736793512L, 
-2067128518L, -1419971088L, -1498935620L, -1119942380L, -254326078L, 
1238686816L, 1769526140L, -1977047088L, 1220608290L, -1282106712L, 
805294988L, -289969988L, 194631474L, -9708992L, -598498124L, 
886073928L, 437611962L, 2144582160L, -1208886548L, 982813012L, 
304779538L, 294194592L, -208483636L, 1692118624L, 564125634L, 
-1201344728L, 70041516L, -1543105732L, -429622926L, 459361072L, 
1029264676L, -916903112L, 630302426L, 1842397072L, -1654956292L, 
1955795860L, -1072822206L, 1137210624L, 1675613244L, -1019260592L, 
-1935320926L, -1385109176L, -142317812L, -1937276196L, -517288622L, 
-853275520L, -1587355564L, -767076376L, -891633414L, 456379216L, 
59952940L, -1078662796L, 438696850L, 2038220896L, 206443916L, 
-1056052384L, -942745118L, -154334296L, -1454220084L, -1124358148L, 
95712690L, -1804005904L, 1038306244L, -129512104L, -935210630L, 
-519214160L, -188460612L, -2096936876L, 949026754L, -783689696L, 
-1193117508L, 53748304L, 928029666L, 898672744L, 1916161100L, 
6830332L, 1464765426L, 180513024L, 68952436L, -2076617720L, 1256924719L, 
2025980904L, -966470458L, 1405186419L, -1206052395L, -1592660558L, 
-128416896L, 2131441513L, 1391090651L, -421297364L, -1305322182L, 
-1211784209L, 368162425L, -2024509170L, 2114662620L, -1443461299L, 
1221134007L, -2097200064L, -546095842L, -1639647253L, 1314462573L, 
1952405978L, -1141238888L, 646040065L, -903066701L, 1724205780L, 
313834466L, -812339593L, 1775187905L, -1148656314L, 1402401924L, 
-619455947L, 1391133215L, 1050350968L, -1277578154L, -1015240477L, 
-914956635L, -875482302L, -447563472L, -1394466471L, 1920987851L, 
-2051056836L, -1950059670L, -2038668897L, 121116713L, 1406329534L, 
-1725828180L, 1248305405L, -1074918329L, -945505488L, 122989646L, 
-2093399941L, 1926165469L, 183335434L, -49762520L, 821420433L, 
594966403L, 1133898884L, -355804494L, -1422385657L, 342646353L, 
-670747178L, 525486260L, 1983853765L, -1358186993L, -2121462136L, 
-4160602L, 1465797459L, 168740021L, -183016942L, -403640352L, 
1100210761L, 944892027L, -798680756L, 680398042L, 1673628879L, 
1209116825L, 1372923054L, 1564246460L, -1460823507L, 1871801815L, 
297141280L, -409114242L, 1028818763L, -743363251L, 286716794L, 
317810104L, -1257310367L, -882163949L, 2007930676L, 1037436226L, 
185624919L, 1854723233L, 1526353254L, -840102044L, -1473872235L, 
1718974399L, -504816808L, -328263306L, -513516669L, 611830213L, 
-2001469726L, -795730096L, 1609779833L, 1323109803L, 1169298204L, 
-687299510L, -1182801857L, -867766135L, -378395490L, -558628532L, 
1735923997L, 1124254887L, -805239856L, -1261823122L, 179939867L, 
1065921405L, 1305061738L, -315832312L, 74797233L, -66883805L, 
1602522148L, 797265618L, -1834427609L, -1577824911L, 315470774L, 
-1353566380L, -1574506011L, 1386744815L, -1136428248L, -1139217530L, 
32860083L, -956092651L, -527156878L, 1596304832L, -1680921047L, 
-1654873445L, 2081868652L, -1334709382L, 1645276335L, -913164359L, 
17752526L, 629867804L, -878292851L, -1005798153L, -186472448L, 
